Simulation positions instantanées sans frottement
===================================================
Paramčtres:
masse m = 0.5 kg
vitesse initiale v0 = 35.0 m/s
inclinaison de la vitesse initiale alpha = 0.6 deg.
coefficient de frottement k = 0.20 kg/s
 temps(s),     x(m),     y(m),
    0.000,    0.000,    0.000,
    0.112,    3.137,    2.302,
    0.224,    6.275,    4.481,
    0.337,    9.412,    6.537,
    0.449,   12.550,    8.469,
    0.561,   15.687,   10.277,
    0.673,   18.825,   11.962,
    0.786,   21.962,   13.523,
    0.898,   25.100,   14.960,
    1.010,   28.237,   16.275,
    1.122,   31.375,   17.465,
    1.235,   34.512,   18.532,
    1.347,   37.650,   19.475,
    1.459,   40.787,   20.295,
    1.571,   43.925,   20.992,
    1.684,   47.062,   21.564,
    1.796,   50.200,   22.014,
    1.908,   53.337,   22.339,
    2.020,   56.475,   22.541,
    2.133,   59.612,   22.620,
    2.245,   62.750,   22.575,
    2.357,   65.887,   22.406,
    2.469,   69.025,   22.114,
    2.582,   72.162,   21.698,
    2.694,   75.300,   21.159,
    2.806,   78.437,   20.496,
    2.918,   81.575,   19.710,
    3.031,   84.712,   18.800,
    3.143,   87.850,   17.767,
    3.255,   90.987,   16.610,
    3.367,   94.125,   15.329,
    3.480,   97.262,   13.925,
    3.592,  100.400,   12.398,
    3.704,  103.537,   10.746,
    3.816,  106.675,    8.972,
    3.929,  109.812,    7.073,
    4.041,  112.950,    5.051,
    4.153,  116.087,    2.906,
    4.265,  119.225,    0.637,
    4.378,  122.362,   -1.756,
    4.490,  125.500,   -4.272,
    4.602,  128.637,   -6.911,
    4.714,  131.775,   -9.674,
    4.827,  134.912,  -12.561,
    4.939,  138.050,  -15.571,
    5.051,  141.187,  -18.705,
    5.163,  144.325,  -21.963,
    5.276,  147.462,  -25.344,
    5.388,  150.600,  -28.848,
    5.500,  153.737,  -32.476,
